20 35
-35 27
-30 -13
-44 35
-11 28
4 45
18 -13
38 41
-6 41
30 -16
21 -6
-37 28
-29 -25
-45 4
-13 44
15 -28
25 -13
18 -17
-8 -33
17 -11
-4 0
9 45
-19 -4
0 28
-5 4
3 -45
-45 -8
27 -27
-23 39
13 -34
4 13
-20 6
-3 15
8 26
-40 27
27 -5
28 -40
17 35
-21 45
44 -43
-45 -19
-39 32
33 0
10 -26
45 42
7 1
32 19
-18 38
13 -5
-40 -31
-44 -35
10 -30
33 -31
36 -38
-2 0
30 34
15 -15
-24 20
1 6
-13 -35
-43 -19
-29 7
-12 23
2 -19
-29 32
-41 -29
-7 1
-5 -33
-17 45
-25 43
-25 -22
12 13
-13 26
41 17
19 41
-29 31
4 -25
-23 -18
-17 -30
-34 -1
18 39
-44 6
-32 2
16 -11
-29 -16
24 24
20 -17
5 0
-37 -43
26 18
-22 8
-9 -45
-3 24
-5 -15
-21 7
-23 -41
31 43
-22 -26
1 0
-14 -20
21 22
-20 15
14 -15
44 1
4 -31
12 43
33 -2
-43 27
-34 7
-3 38
11 -35
15 36
-28 -8
35 15
40 -2
-16 10
-39 45
-35 29
8 37
42 27
-41 -25
22 -1
-9 13
-10 -30
-12 5
34 21
-33 -29
12 -35
1 -39
19 21
-11 0
-38 7
-10 31
-13 31
12 15
-39 16
14 33
-7 -38
25 39
-7 35
-7 36
24 -14
23 37
20 -5
-37 -43
-43 -8
-17 39
26 18
-16 16
14 43
-10 32
-43 -31
11 -3
17 -19
7 -27
5 -21
30 -25
-7 32
-24 -31
18 -5
-4 12
13 38
-2 12
37 -36
-12 9
36 25
-29 -13
21 41
-17 3
-37 -8
38 43
-40 -42
37 31
-44 27
38 -4
14 -24
-37 -40
-28 25
-24 -13
-24 -8
16 -1
-6 2
-22 -14
35 5
-21 -37
36 40
-2 21
-10 -41
25 42
41 38
-6 28
15 27
29 17
-43 12
36 -17
-42 -4
-12 34
-41 -37
6 21
3 17
30 -42
14 -8
-6 19
0 39
-16 -3
-28 -34
-16 -8
-31 -28
-18 16
-18 -10
10 -19
-9 28
38 33
7 25
21 14
-37 31
16 -29
45 -15
0 -17
14 32
-8 -11
-40 19
-37 -17
-28 5
-43 27
-43 -5
45 -9
-29 -8
-22 37
45 -14
-17 0
7 21
-30 -17
4 33
-38 -37
-22 30
32 27
-28 32
-39 9
-22 45
-4 -12
8 -42
45 43
35 3
-30 -3
-30 24
-1 28
2 5
24 -31
-23 6
