3 -27
-29 41
-28 39
-24 -41
2 28
32 -35
34 34
36 -45
-8 9
37 17
-27 44
5 -30
34 -11
36 -35
-21 -27
-26 -20
-34 16
36 -14
7 -3
34 -41
-30 17
-25 -6
14 -11
-19 -38
38 -8
-16 -4
-7 -15
-9 5
37 -17
16 18
-45 31
18 -14
14 -14
41 20
-5 -43
-6 20
-13 -44
-16 -21
12 16
-20 17
27 6
-26 36
31 -45
-28 4
9 7
-20 -45
-45 -41
34 -40
-1 -14
9 40
-2 27
32 39
-42 -10
43 -19
33 -15
42 4
-34 -16
-38 26
28 32
16 -29
-27 -24
17 -21
-7 45
17 31
42 37
-45 33
42 -11
-12 -45
42 19
31 -8
0 44
-17 -38
-24 10
16 -19
31 -40
-5 -31
-23 26
25 -9
-37 -10
17 1
11 1
10 30
4 -18
8 -9
-23 -33
-38 12
-40 -19
0 -37
-13 9
42 -31
35 -39
34 -15
42 4
41 39
-41 41
-40 35
11 -3
-32 -12
-13 -1
-16 22
27 25
37 25
6 35
19 33
15 9
16 -37
4 -19
9 -11
33 -36
24 -16
-15 -7
11 -28
19 -23
5 -27
32 6
15 -42
39 -40
-19 36
-27 22
24 25
1 -26
24 -14
9 3
27 13
25 30
12 9
11 36
-43 -30
43 19
-40 -39
6 17
-3 4
39 -41
-23 -39
33 27
31 -24
-45 -18
-2 -14
36 28
5 28
31 35
-22 -40
-35 -30
25 38
-30 45
26 42
-20 -22
9 37
-4 -11
-20 29
-20 -11
13 -12
-38 -17
-37 -28
-2 32
-11 3
-23 -34
22 -17
-23 -19
27 43
39 17
25 26
18 -16
27 -5
37 35
-14 -16
45 37
-20 -15
40 -24
-45 -9
25 -11
33 6
33 1
-7 -31
8 -36
