5 126
-7 -343
-9 -730
-5 -124
3 27
-5 -126
-7 -342
9 730
-4 -65
-5 -124
7 344
-2 -9
0 1
-7 -343
-6 -217
3 26
3 28
-9 -730
7 342
4 64
-5 -126
-8 -511
8 511
-6 -216
-8 -512
7 343
6 217
-7 -344
5 125
8 512
-8 -511
9 730
-10 -1001
7 344
3 28
-1 -1
2 7
1 0
-7 -344
-6 -216
-1 -2
-9 -728
-9 -730
-9 -728
9 729
4 65
2 7
-2 -8
-8 -511
-3 -28
7 343
1 2
4 64
8 513
0 1
-8 -513
-7 -344
-9 -728
3 28
-9 -730
9 730
-5 -126
8 512
4 65
6 215
-9 -729
3 28
3 26
0 1
-8 -512
1 1
-7 -342
-2 -9
-5 -125
-9 -729
4 64
-3 -28
-5 -124
8 511
4 64
-1 -2
-5 -126
3 26
0 0
7 342
-2 -7
9 729
-5 -125
-5 -126
-9 -729
3 26
-8 -512
7 342
2 7
3 27
-4 -64
-1 -1
-7 -343
-2 -8
0 1
