7 -36
-36 -4
-24 -6
24 42
36 13
30 43
40 34
42 37
11 42
24 -3
6 -3
-33 -14
20 19
-7 -4
-4 -10
-10 -31
-18 -37
33 -12
35 37
-39 40
19 20
30 -35
-24 -1
3 20
-38 36
-21 -6
19 25
-20 0
-36 -7
-39 -22
-45 32
-10 41
23 2
2 27
-26 42
6 -40
13 29
-27 -30
-34 -2
39 -1
25 34
24 21
32 14
-34 13
-42 -23
12 -18
22 1
-21 -6
13 0
-4 -38
-35 -38
34 -26
-26 -30
-13 29
-4 -26
5 30
-10 -22
-41 43
-44 -2
25 2
11 -21
-4 -41
36 38
-11 33
-2 18
9 -33
36 -8
-9 -42
-16 38
33 -4
-36 -20
-9 -21
44 -37
-3 -24
-27 9
-45 21
21 8
12 -44
-27 4
-18 -38
41 -22
33 35
-26 21
-3 -2
27 -4
17 8
-43 43
29 25
43 15
5 26
-7 -14
37 -10
-20 -40
28 -14
32 -1
-36 2
19 1
34 -44
18 19
23 28