-1 2
-6 36
4 15
-5 25
1 2
6 37
1 0
4 17
4 17
-4 17
-4 17
-3 8
-10 100
-10 100
-9 80
-9 81
6 37
-5 26
-10 99
-4 16
6 36
9 82
1 1
-6 36
-1 1
-3 10
6 37
-4 17
-5 26
0 0
5 26
-4 17
0 -1
3 10
-6 35
-9 82
8 65
-2 3
-9 82
3 9
0 -1
0 1
7 49
7 49
1 0
-6 36
1 2
0 1
1 2
-10 99
5 24
-6 37
-1 1
9 80
-10 99
2 4
-4 17
-9 82
-10 101
-7 49
-4 16
0 1
-7 48
-7 50
7 49
-4 16
-3 10
-4 17
9 81
0 1
7 50
-1 0
10 101
9 82
2 4
10 100
5 25
8 64
-8 65
7 49
10 99
10 100
9 81
-2 4
4 15
-1 2
-3 9
5 25
8 63
4 15
7 49
-2 4
8 65
-3 9
2 3
-2 3
-7 49
10 99
-1 1
4 17
