31 15
6 25
-34 5
35 38
30 25
3 -41
40 -32
5 -18
-10 20
-37 31
26 39
-16 -10
-19 22
1 32
39 -35
21 26
-39 26
-45 23
-25 13
-25 17
-2 -34
-20 -26
18 -19
0 10
31 -23
-35 16
-40 18
27 -29
14 26
10 7
16 28
20 -24
28 -3
-22 -5
11 -21
-3 39
-2 -28
13 -11
-43 1
-43 -35
2 12
45 13
-5 -19
-27 31
-2 19
35 44
-38 -39
2 -10
-34 28
29 -33
2 17
-30 -3
-4 10
-10 -9
31 -23
-4 22
35 8
36 -33
11 -12
22 -33
-28 11
37 42
30 21
-10 11
21 38
-16 42
12 6
0 36
-6 29
-3 -45
6 -32
-35 0
-42 -45
-8 -34
19 -25
8 -15
27 -31
-36 -21
-12 -31
18 34
-31 -29
-10 -31
-25 20
-12 26
5 -32
34 -20
15 -13
20 -27
12 -35
-37 -32
-5 37
8 -1
37 -8
-3 -36
18 -31
-31 -19
25 -32
-33 40
45 12
1 35
-6 -23
24 15
29 -15
-32 12
-20 -5
35 17
2 -36
7 -13
24 -33
1 27
-4 16
7 16
-33 -36
-18 -17
-22 -21
-37 41
43 -5
-6 8
19 -36
45 7
35 6
-7 14
-18 -34
-23 3
1 -44
19 5
-24 -34
-22 -12
23 11
-30 -35
-12 42
14 37
-2 21
-19 7
-27 -24
-29 -13
19 -12
43 -34
-7 12
-25 8
25 -37
-4 -41
6 5
37 36
14 -40
17 16
32 -4
-10 6
34 -33
9 -13
5 -25
37 -23
-12 -41
-31 34
-14 13
-22 44
-7 -18
8 15
-32 -11
9 -36
1 -27
6 -26
-30 30
-15 -22
38 29
-41 3
18 -18
22 4
-1 0
39 26
24 45
26 -43
-1 9
39 21
29 31
38 -19
-37 1
40 30
3 27
-20 14
27 8
-44 8
-39 -6
-12 42
-33 -7
13 -3
41 -12
24 42
-9 34
-21 -11
16 12
-19 29
-10 2
-4 -44
-30 19
-28 20
41 29
-2 39
-13 -35
18 33
