18 -30
17 43
38 -20
11 0
-39 2
33 -4
2 16
-38 10
-29 4
-21 -45
8 32
8 -43
-30 -31
5 5
30 11
22 17
25 -20
35 30
-43 35
17 6
-10 -11
3 -29
-12 -39
4 -19
-35 -26
36 -44
10 15
36 39
-28 42
26 26
40 18
-43 -21
10 -7
-32 28
-14 -13
42 0
-17 -14
6 -33
-3 -35
7 -40
10 -32
3 39
-41 41
12 -14
-15 12
22 -25
33 -34
-42 23
-9 -43
-29 16
-24 -26
18 -17
44 20
35 -39
1 43
28 44
10 -12
-32 20
16 31
2 -12
17 -24
24 6
36 15
8 -21
-3 -7
-16 5
-12 -36
14 35
-32 27
31 -40
19 10
22 -19
14 -15
7 -20
29 -10
-26 -30
45 -40
-18 23
-8 -43
-13 6
2 -19
-29 -41
-13 -22
-22 -24
5 -28
-16 -18
-10 -16
36 -41
-18 -14
-42 -25
28 20
7 -9
-5 -44
-17 3
36 34
-26 26
-21 33
25 27
4 6
43 42
-16 -20
-33 15
27 -21
27 -27
-20 0
-9 -27
36 -10
18 21
22 12
17 -10
10 -42
37 -18
36 -14
1 12
12 -21
-11 5
43 -9
-34 -23
4 -23
-41 -24
20 -44
6 -27
-7 2
-43 29
-28 -20
14 -13
18 -12
24 -6
-23 -40
1 31
-13 42
-25 -18
-31 -32
40 -45
32 -44
-1 32
-29 -38
-4 -20
32 -33
20 -28
18 10
36 17
-36 -34
26 43
-13 26
-9 -40
-35 -30
-44 6
25 32
-43 -39
