6 997
-2 119
5 993
7 999
-8 0
1 731
-8 0
1 731
-2 119
6 997
3 952
9 999
9 999
7 999
4 982
-9 0
-1 268
5 993
-9 0
2 880
5 993
5 993
-5 6
-5 6
-7 0
-1 268
-1 268
8 999
3 952
10 999
4 982
3 952
8 999
6 997
6 997
2 880
0 500
5 993
-7 0
-2 119
6 997
5 993
5 993
1 731
-8 0
1 731
-6 2
-2 119
-4 17
-6 2
3 952
-7 0
3 952
8 999
10 999
9 999
-5 6
-10 0
9 999
10 999
-4 17
10 999
-3 47
9 999
6 997
7 999
6 997
-8 0
-1 268
8 999
-2 119
-3 47
-9 0
5 993
-7 0
-9 0
-6 2
-9 0
1 731
9 999
-5 6
3 952
4 982
-5 6
-10 0
2 880
3 952
-9 0
-10 0
-2 119
-3 47
-8 0
-5 6
-4 17
8 999
-5 6
-3 47
-9 0
7 999
-4 17
