587 1138
383 783
255 1113
222 906
293 717
228 784
213 1035
183 648
37 862
20 1077
80 1141
95 1141
172 1233
148 1207
506 647
179 1108
372 1099
127 1155
267 763
306 818
459 850
45 689
498 1188
280 826
198 1201
490 1043
477 1088
50 777
257 933
228 1186
395 1042
218 780
348 1183
322 845
568 821
472 922
412 912
168 1207
164 755
371 1271
108 1057
410 1035
326 1191
19 724
424 660
68 1157
390 1258
225 1142
461 871
424 905
200 1255
63 776
62 723
587 1116
40 1211
505 835
310 783
228 978
100 963
456 1154
43 895
387 825
7 1143
32 866
308 770
203 1122
80 742
602 1006
397 1011
610 1223
446 641
424 1020
203 693
204 713
353 800
429 1177
368 750
507 956
295 1117
341 1224
144 684
331 814
268 1155
40 1228
387 779
117 1089
506 663
402 940
462 1104
61 1018
5 1213
590 1249
412 804
593 686
577 829
149 1079
466 914
137 1201
428 872
92 740
266 907
41 1245
508 714
293 892
494 1045
364 1067
585 819
110 1179
83 997
597 1260
436 1072
534 895
500 892
144 795
173 1092
414 643
272 1078
213 939
347 1214
102 1278
297 727
389 1136
187 1020
551 925
357 699
367 1146
386 1138
604 1132
184 701
575 1138
509 1231
503 1077
325 874
280 770
491 1078
445 708
119 761
82 726
104 749
174 1213
112 715
123 1139
494 724
620 974
207 1234
602 1260
212 846
186 1050
97 1278
342 759
297 992
339 1184
319 874
508 1157
597 1144
320 709
465 799
116 1112
395 1056
331 1140
205 765
235 1044
10 1152
516 1271
237 1147
623 991
429 697
547 730
468 1254
638 773
117 1099
585 1116
24 695
374 1035
235 723
187 649
184 1060
602 1246
405 1235
291 1259
393 1225
159 647
346 942
199 1273
197 758
400 1194
230 819
409 878
459 712
217 781
447 1168
489 982
490 1118
538 1208
107 894
374 916
385 800
37 895
236 1185
482 862
523 1147
164 1142
81 1221
521 696
519 1191
389 1276
338 941
35 695
545 1277
313 716
141 852
97 808
195 787
468 784
248 1183
442 807
233 1280
14 1046
260 1220
582 924
359 942
40 1270
121 914
491 908
207 748
311 694
308 1014
317 748
574 684
359 682
215 641
210 988
618 699
544 711
635 701
335 856
271 899
536 1041
25 675
390 808
476 687
45 828
640 1016
113 905
617 1026
184 1153
583 823
90 1069
351 1110
55 785
17 1099
463 1097
46 1204
526 1248
360 993
110 1106
274 862
148 1255
463 785
397 1218
113 1194
80 715
593 801
213 944
452 1008
622 773
489 902
261 1186
524 1061
579 963
436 928
201 975
487 671
469 1179
611 1104
601 1084
118 791
38 711
281 932
546 829
143 926
208 911
95 1074
515 911
390 1084
211 765
354 1070
111 912
86 978
284 1072
232 842
618 870
378 708
498 1164
470 646
477 1105
392 751
634 657
525 1052
80 675
569 933
526 739
250 678
210 957
519 819
624 875
310 1006
323 1188
279 867
259 1130
251 664
344 963
112 1042
332 685
229 955
219 1048
327 919
159 658
532 961
254 702
440 756
227 898
524 860
490 756
434 1280
189 1020
404 797
91 1130
529 1154
277 1056
325 1066
455 900
236 912
23 1215
163 1274
518 1178
441 1039
216 1250
525 753
311 829
283 723
300 1167
496 1212
109 724
196 1213
404 944
364 747
593 924
515 1131
148 669
526 829
565 1270
352 1239
20 1226
638 825
419 688
101 838
455 913
22 816
255 894
127 711
286 699
19 1077
506 1080
49 798
297 1014
290 1032
135 1262
387 1135
123 964
361 1062
274 1124
221 1208
94 679
71 728
182 1044
304 1193
496 674
355 733
159 1113
260 1125
591 954
517 647
495 1217
572 1161
75 975
105 661
273 1208
255 918
467 662
427 1029
444 919
170 1250
221 645
435 1177
339 770
519 692
319 915
243 1112
141 997
340 1090
518 982
205 819
432 1091
167 917
316 1176
606 886
212 650
385 719
413 1251
60 1276
141 771
418 829
8 991
619 900
604 1248
244 1129
400 850
121 789
65 706
531 1186
457 909
284 793
406 672
187 1051
200 1197
541 980
220 1036
62 1026
349 1022
609 1057
326 1175
313 668
436 722
434 703
69 959
101 1053
634 750
166 736
436 646
404 1112
548 675
489 798
540 718
123 1107
45 1049
351 1042
360 698
223 849
557 841
360 817
20 806
161 903
330 1228
207 1086
119 720
438 1234
198 755
270 826
409 767
18 942
27 1230
18 1221
144 875
230 845
303 977
600 770
139 1035
589 1218
235 758
377 722
594 1168
347 1037
640 842
439 656
232 1111
552 772
28 1167
197 1253
115 704
35 907
166 1119
19 1270
136 898
513 1263
53 1160
414 1268
93 1266
381 686
567 876
321 720
478 967
73 777
366 794
228 1202
48 659
384 1083
298 775
476 940
380 997
204 952
615 1098
437 1017
113 974
215 785
322 1167
588 940
218 941
10 1199
78 1008
158 1028
606 1155
446 1165
152 736
532 896
306 879
611 757
213 1022
313 658
6 783
400 1179
205 858
97 810
186 1137
224 1007
193 693
628 730
6 1218
631 678
639 901
132 890
360 1197
197 784
418 665
230 828
393 933
535 1270
586 652
266 840
603 737
633 1194
471 1051
32 1038
282 752
42 1002
220 941
216 1223
85 1098
332 711
239 795
379 1127
391 759
425 853
612 653
124 768
183 849
196 1270
19 1195
1 1010
86 733
237 710
545 1154
506 1015
593 1214
277 669
21 686
171 728
145 1157
525 1083
283 948
567 799
6 745
414 724
571 958
528 984
87 701
392 708
44 886
571 724
65 977
387 886
233 1259
2 1088
181 989
551 864
186 989
468 750
70 1087
209 1259
589 1064
636 846
53 1140
272 653
409 1170
30 917
262 1092
108 768
512 1170
382 1221
271 1209
416 1090
211 1173
639 1081
528 1042
236 699
56 712
427 771
36 1271
470 1048
205 1150
602 692
138 1160
341 768
438 1063
6 1036
258 912
569 1016
612 878
553 1264
490 999
425 1022
527 1142
260 1215
126 813
630 1123
637 1165
466 682
148 994
85 1068
372 1230
307 902
287 901
247 994
52 1074
66 1002
470 671
260 1198
455 697
52 718
281 884
366 668
122 1279
72 931
348 873
120 820
360 807
598 1268
305 918
157 1080
422 1199
576 790
190 765
541 1214
366 857
317 670
459 842
209 992
416 644
191 1202
198 671
385 1177
637 995
473 1084
350 959
463 1196
341 878
36 704
350 946
305 1036
546 665
190 855
218 1265
151 1199
611 1047
325 716
126 1001
282 749
637 870
165 1028
146 1230
197 1143
329 652
273 1175
354 807
316 1115
430 1011
585 963
288 736
205 1197
385 830
169 1242
521 1265
429 1102
207 656
326 1205
128 1149
464 900
424 767
422 1147
636 1071
166 852
4 1204
158 1206
33 835
19 786
310 718
47 758
505 1048
559 917
405 662
516 1242
260 1268
276 727
115 931
506 1180
146 963
191 736
533 1141
485 774
408 843
313 1066
597 925
101 705
161 1019
1 1256
136 1093
263 815
547 880
134 1202
225 967
119 1005
56 1140
305 725
624 1020
525 1041
302 1141
70 971
211 912
632 1057
166 1075
616 966
558 1122
159 1010
314 1120
473 1068
467 1199
554 762
530 641
212 1166
71 679
553 1258
508 898
557 1077
426 825
214 933
241 1279
249 875
319 1163
435 1058
384 1107
487 1036
272 820
486 676
457 712
411 738
140 672
33 1006
58 876
565 700
437 971
86 1126
460 941
280 1097
369 1202
342 1014
613 746
45 744
159 1219
215 670
605 1079
295 1085
159 1023
589 1167
418 1104
172 1177
195 1051
593 1208
94 1220
621 1003
438 1114
278 1260
557 806
411 1248
135 822
55 778
159 921
221 785
396 697
298 1045
25 964
515 759
232 892
133 668
502 666
495 1179
413 1015
218 1192
110 798
165 1278
29 959
28 748
613 994
292 699
347 1127
131 1017
143 809
135 1136
331 1197
383 749
171 677
262 843
91 1275
155 1115
345 1072
158 1046
102 666
444 840
68 1122
566 1171
538 1110
45 943
355 721
195 674
592 760
498 731
139 1052
64 1231
267 819
29 855
612 956
305 800
559 751
26 955
234 1206
289 1051
248 1225
591 981
16 888
1 811
36 1210
554 900
41 1036
572 900
145 743
524 939
582 962
71 1263
102 1108
429 1170
158 1082
109 1120
401 1169
254 878
219 694
164 742
369 1158
456 1161
64 1044
86 1259
66 889
361 1218
241 1154
402 1259
164 994
56 751
129 1198
360 1070
327 875
324 1036
435 959
41 997
369 664
187 970
314 675
309 928
632 967
112 648
379 704
297 997
233 752
346 647
412 863
536 1225
429 885
552 890
61 895
523 706
386 833
133 1142
563 755
620 955
46 664
287 716
417 807
448 1263
376 702
495 698
516 759
135 1134
313 645
308 934
364 668
312 1123
271 876
519 942
325 1113
228 1100
92 853
503 1264
581 689
191 1051
55 1251
487 1028
186 1011
287 892
359 1167
130 1082
41 1039
415 997
467 1135
464 1102
82 1241
435 997
196 1124
140 1172
460 1188
306 994
613 841
284 995
260 1207
175 687
361 849
446 733
77 986
404 1223
149 1009
9 944
164 1082
53 930
95 674
331 866
397 700
508 953
422 693
133 1191
128 1072
567 1007
117 848
152 865
128 721
22 1037
38 1142
210 1027
184 1181
625 754
105 740
63 839
522 1087
198 1036
305 853
97 651
501 1099
526 868
159 1014
289 728
506 1171
280 1027
522 977
495 767
441 653
512 854
114 1025
95 1092
22 878
255 759
505 863
516 739
562 887
38 1145
395 1054
334 1233
303 697
620 993
373 738
635 1059
96 1002
539 915
123 1064
498 1008
478 1118
341 666
36 1070
97 1273
592 946
99 1104
61 1213
524 1127
219 1028
445 899
508 946
89 785
544 1082
222 1141
113 791
556 905
454 891
570 919
100 964
394 861
314 1124
555 961
388 793
25 733
162 1193
525 930
514 974
456 976
566 925
569 1004
421 1159
272 1142
9 740
5 671
624 1229
418 1191
370 772
191 762
518 1085
218 1031
134 761
76 858
319 1256
200 758
119 1129
500 1248
73 723
72 952
58 867
348 730
424 1115
347 944
14 1105
239 756
432 1064
128 661
396 1190
353 1151
471 717
366 677
77 1208
590 1122
207 689
137 701
421 852
320 1211
594 842
247 956
16 1056
247 936
160 1045
537 925
303 696
156 1115
472 1197
467 811
109 1106
27 896
342 807
131 1180
593 890
638 975
226 715
429 956
185 915
123 1159
311 1155
43 923
355 1174
305 1215
397 1263
542 704
438 790
379 1225
277 660
193 853
248 820
640 1070
120 1189
169 1096
604 1232
49 972
153 1126
633 1172
285 759
145 991
604 945
602 1027
355 1132
596 874
84 666
389 656
78 788
375 1257
494 815
249 770
570 1189
174 943
288 996
25 800
260 935
36 826
2 1104
188 903
602 702
409 1121
280 1000
413 851
119 1027
309 1240
215 711
210 865
243 965
107 831
495 1264
620 688
216 708
491 824
260 1274
369 675
2 701
78 987
467 1260
490 864
411 1045
303 917
212 765
316 1203
246 1206
439 872
429 1078
105 1008
461 1228
344 902
150 1005
622 676
453 948
567 1138
392 666
115 1268
248 1191
559 661
97 1148
390 1040
122 1214
581 731
506 1195
161 762
571 946
330 927
278 1240
238 1185
281 739
510 929
163 1035
73 1153
146 1276
338 1072
190 766
552 1111
273 830
25 880
164 999
171 1119
457 762
400 962
497 980
547 833
187 806
247 649
512 734
342 1027
375 925
470 1081
389 1091
26 741
432 928
502 788
348 1274
533 836
451 890
8 1064
157 1164
204 1195
432 981
379 1013
526 982
544 726
225 1070
598 1133
118 1021
409 1186
295 992
360 897
630 995
306 975
4 1198
495 981
77 737
142 845
67 1212
9 987
358 973
459 1170
535 943
625 1255
574 724
579 739
123 1280
309 803
182 899
572 1134
249 871
523 1136
617 932
540 901
631 744
288 1056
318 1230
539 800
130 821
573 968
516 717
616 1109
482 705
160 994
183 867
633 776
294 1006
94 1017
242 1198
630 838
4 695
562 1250
384 825
601 688
197 1051
266 788
161 822
612 844
448 985
137 1175
453 1138
633 1021
346 722
42 811
288 1018
476 678
232 1021
148 958
399 999
380 903
363 1033
447 1267
6 1241
567 901
265 1103
601 955
272 1179
362 1044
365 963
